SPW Communication Logs
Generated: 2025-09-01 09:30:32
Host: localhost
Port: 5054
--------------------------------------------------

[INFO] Connecting to localhost:5054...
[Trying to connect...]
[Connected]
[INFO] Connection established successfully!
[Channel 0] C0 02 00 00 08 00 C0 00 00 37 20 05 01 00 00 00 00 00 00 00 00 01 CA 00 00 00 00 01 56 45 52 49 54 41 53 2F 45 4E 56 49 53 49 4F 4E 20 41 53 57 20 76 30 2E 30 2E 31 00 00 00 00 00 00 2A 00 00 F1 63 EOP
[Channel 0] C0 02 00 00 08 00 C0 01 00 36 20 F5 01 00 00 00 00 00 00 00 02 82 4D 00 00 02 00 00 00 00 00 01 00 00 00 00 00 00 00 00 00 00 00 00 00 00 00 00 00 00 00 00 00 00 00 00 00 00 00 00 00 00 00 5C E9 EOP
[Channel 0] C0 02 00 00 08 00 C0 02 00 4E 20 03 19 00 00 00 00 00 00 00 02 82 8F 00 00 00 00 00 00 02 00 00 00 00 00 00 00 00 00 00 00 01 40 00 D0 00 64 00 00 00 00 00 00 00 00 00 00 00 00 00 00 00 00 00 00 00 00 00 00 00 00 00 00 00 00 00 00 00 00 00 00 00 00 00 00 00 00 AE B8 EOP
[Channel 0] C0 02 00 00 08 00 C0 03 00 36 20 F5 01 00 01 00 00 00 00 00 05 02 4D 00 00 02 00 00 00 00 00 03 00 00 00 00 00 00 00 00 00 00 00 00 00 00 00 00 00 00 00 00 00 00 00 00 00 00 00 00 00 00 00 E0 5D EOP
[Channel 0] C0 02 00 00 08 00 C0 04 00 4E 20 03 19 00 01 00 00 00 00 00 05 02 4D 00 00 00 00 00 00 02 00 00 00 00 00 00 00 00 00 00 00 03 40 00 D0 00 64 00 00 00 00 00 00 00 00 00 00 00 00 00 00 00 00 00 00 00 00 00 00 00 00 00 00 00 00 00 00 00 00 00 00 00 00 00 00 00 00 51 02 EOP